	2013-05-19 20:02:36	2013-05-19 20:06:52	2013-05-19 20:11:07	2013-05-19 20:15:23	2013-05-19 20:19:38	2013-05-19 20:23:52	2013-05-19 20:28:09	2013-05-19 20:32:24	2013-05-19 20:36:40	2013-05-19 20:40:56	2013-05-19 20:45:12	2013-05-19 20:49:28	2013-05-19 20:53:47	2013-05-19 20:58:03	2013-05-19 21:02:19	2013-05-19 21:06:34	2013-05-19 21:10:48	2013-05-19 21:15:03	2013-05-19 21:19:20	2013-05-19 21:23:39	2013-05-19 21:27:57	2013-05-19 21:32:13	2013-05-19 21:36:29	2013-05-19 21:40:44	2013-05-19 21:45:00	2013-05-19 21:49:14	2013-05-19 21:53:32	2013-05-19 21:57:47	2013-05-19 22:02:03	2013-05-19 22:06:17	2013-05-19 22:10:33	2013-05-19 22:14:50	2013-05-19 22:19:06	2013-05-19 22:23:22	2013-05-19 22:27:38	2013-05-19 22:31:53	2013-05-19 22:36:07	2013-05-19 22:40:25	2013-05-19 22:44:38	2013-05-19 22:48:56	2013-05-19 22:53:11	2013-05-19 22:57:25
0	0.0	0.0	0.0	0.0	0.0	0.0	0.0	0.0	0.0	0.0	0.0	0.0	0.0	0.0	0.0	0.0	0.0	0.0	0.0	0.0	0.0	0.0	0.0	0.0	0.0	0.0	0.0	0.0	0.0	0.0	0.0	0.0	0.0	0.0	0.0	0.0	0.0	3.466479e-317	3.4683784e-317	3.4776905e-317	3.4795897e-317	3.481489e-317
500	0.0	0.0	0.0	0.0	0.0	0.0	0.0	0.0	0.0	0.0	0.0	0.0	0.0	0.0	0.0	0.0	0.0	0.0	0.0	0.0	0.0	0.0	0.0	0.0	0.0	0.0	0.0	0.0	0.0	0.0	0.0	0.0	0.0	0.0	0.0	0.0	0.0	3.4665405e-317	3.4684396e-317	3.477752e-317	3.479651e-317	3.48155e-317
1000	0.0	0.0	0.0	0.0	0.0	0.0	0.0	0.0	0.0	0.0	0.0	0.0	0.0	0.0	0.0	0.0	0.0	0.0	0.0	0.0	0.0	0.0	0.0	0.0	0.0	0.0	0.0	0.0	0.0	0.0	0.0	0.0	0.0	0.0	0.0	0.0	0.0	3.4666017e-317	3.468501e-317	3.477813e-317	3.4797122e-317	3.4816114e-317
1500	0.0	0.0	0.0	0.0	0.0	0.0	0.0	0.0	0.0	0.0	0.0	0.0	0.0	0.0	0.0	0.0	0.0	0.0	0.0	0.0	0.0	0.0	0.0	0.0	0.0	0.0	0.0	0.0	0.0	0.0	0.0	0.0	0.0	0.0	0.0	0.0	0.0	3.466663e-317	3.468562e-317	3.4778743e-317	3.4797735e-317	3.4816727e-317
2000	0.0	0.0	0.0	0.0	0.0	0.0	0.0	0.0	0.0	0.0	0.0	0.0	0.0	0.0	0.0	0.0	0.0	0.0	0.0	0.0	0.0	0.0	0.0	0.0	0.0	0.0	0.0	0.0	0.0	0.0	0.0	0.0	0.0	0.0	0.0	0.0	0.0	3.4667243e-317	3.4686234e-317	3.4779356e-317	3.479835e-317	3.481734e-317
2500	0.0	0.0	0.0	0.0	0.0	0.0	0.0	0.0	0.0	0.0	0.0	0.0	0.0	0.0	0.0	0.0	0.0	0.0	0.0	0.0	0.0	0.0	0.0	0.0	0.0	0.0	0.0	0.0	0.0	0.0	0.0	0.0	0.0	0.0	0.0	0.0	0.0	5e-324	3.4686847e-317	3.477997e-317	3.479896e-317	3.481795e-317
3000	0.0	0.0	0.0	0.0	0.0	0.0	0.0	0.0	0.0	0.0	0.0	0.0	0.0	0.0	0.0	0.0	0.0	0.0	0.0	0.0	0.0	0.0	0.0	0.0	0.0	0.0	0.0	0.0	0.0	0.0	0.0	0.0	0.0	0.0	0.0	0.0	0.0	0.0	3.468746e-317	3.478058e-317	3.4799573e-317	3.4818565e-317
3500	0.0	0.0	0.0	0.0	0.0	0.0	0.0	0.0	0.0	0.0	0.0	0.0	0.0	0.0	0.0	0.0	0.0	0.0	0.0	0.0	0.0	0.0	0.0	0.0	0.0	0.0	0.0	0.0	0.0	0.0	0.0	0.0	0.0	0.0	0.0	0.0	0.0	5e-324	3.468807e-317	3.4781194e-317	3.4800186e-317	3.481918e-317
4000	0.0	0.0	0.0	0.0	0.0	0.0	0.0	0.0	0.0	0.0	0.0	0.0	0.0	0.0	0.0	0.0	0.0	0.0	0.0	0.0	0.0	0.0	0.0	0.0	0.0	0.0	0.0	0.0	0.0	0.0	0.0	0.0	0.0	0.0	0.0	0.0	0.0	5e-324	3.4688685e-317	3.4781806e-317	3.48008e-317	3.481979e-317
4500	0.0	0.0	0.0	0.0	0.0	0.0	0.0	0.0	0.0	0.0	0.0	0.0	0.0	1.0	0.0	0.0	0.0	0.0	0.0	0.0	0.0	0.0	0.0	0.0	0.0	0.0	0.0	0.0	0.0	0.0	0.0	0.0	0.0	0.0	0.0	0.0	0.0	5e-324	3.46893e-317	3.478242e-317	3.480141e-317	3.4820403e-317
5000	0.0	0.0	0.0	0.0	0.0	0.0	0.0	1.0	0.0	0.0	0.0	0.0	0.0	0.0	0.0	0.0	0.0	0.0	0.0	0.0	0.0	0.0	0.0	0.0	0.0	0.0	0.0	0.0	0.0	0.0	0.0	0.0	0.0	0.0	0.0	0.0	0.0	0.0	3.468991e-317	3.478303e-317	3.4802024e-317	0.0
5500	0.0	0.0	0.0	0.0	0.0	0.0	0.0	0.0	0.0	1.0	0.0	0.0	0.0	0.0	0.0	0.0	0.0	0.0	0.0	0.0	0.0	0.0	0.0	0.0	0.0	0.0	0.0	0.0	0.0	0.0	0.0	0.0	0.0	0.0	0.0	0.0	0.0	5e-324	3.4690523e-317	3.4783644e-317	3.4802636e-317	5e-324
6000	0.0	0.0	0.0	0.0	1.0	0.0	1.0	1.0	0.0	0.0	2.0	0.0	0.0	0.0	2.0	1.0	0.0	0.0	0.0	0.0	0.0	0.0	0.0	0.0	0.0	0.0	0.0	0.0	0.0	0.0	0.0	0.0	0.0	0.0	0.0	0.0	0.0	5e-324	3.4691136e-317	3.4784257e-317	3.480325e-317	5e-324
6500	0.0	0.0	0.0	0.0	0.0	0.0	0.0	2.0	0.0	3.0	2.0	2.0	1.0	1.0	3.0	1.0	0.0	0.0	1.0	0.0	1.0	0.0	0.0	0.0	0.0	0.0	0.0	0.0	0.0	0.0	0.0	0.0	0.0	0.0	0.0	0.0	0.0	5.93e-322	3.469175e-317	3.478487e-317	3.480386e-317	5e-324
7000	0.0	0.0	1.0	0.0	0.0	0.0	1.0	4.0	0.0	1.0	4.0	2.0	0.0	2.0	3.0	0.0	1.0	1.0	1.0	0.0	0.0	0.0	0.0	0.0	0.0	0.0	0.0	0.0	0.0	0.0	0.0	0.0	0.0	0.0	0.0	0.0	0.0	0.0	3.469236e-317	3.478548e-317	3.4804474e-317	6e-322
7500	0.0	0.0	0.0	0.0	0.0	2.0	2.0	1.0	1.0	3.0	6.0	4.0	5.0	2.0	4.0	0.0	2.0	0.0	3.0	0.0	1.0	0.0	0.0	0.0	1.0	1.0	0.0	0.0	0.0	0.0	0.0	0.0	0.0	0.0	0.0	0.0	0.0	5e-324	3.4767103e-317	3.4786095e-317	3.4805087e-317	5e-324
8000	0.0	1.0	0.0	0.0	0.0	2.0	2.0	7.0	1.0	4.0	8.0	5.0	7.0	0.0	7.0	9.0	5.0	1.0	10.0	7.0	3.0	0.0	0.0	0.0	0.0	1.0	1.0	0.0	0.0	0.0	0.0	0.0	0.0	0.0	0.0	0.0	0.0	5e-324	3.4767716e-317	3.478671e-317	3.48057e-317	5e-324
8500	0.0	2.0	0.0	0.0	3.0	6.0	1.0	5.0	4.0	7.0	13.0	11.0	14.0	14.0	9.0	7.0	13.0	1.0	7.0	4.0	5.0	0.0	0.0	0.0	0.0	0.0	0.0	0.0	1.0	0.0	1.0	0.0	0.0	0.0	0.0	0.0	0.0	6e-322	3.476833e-317	3.478732e-317	3.480631e-317	5.93e-322
9000	0.0	0.0	3.0	0.0	4.0	2.0	5.0	12.0	7.0	14.0	12.0	21.0	7.0	11.0	15.0	15.0	11.0	6.0	13.0	11.0	8.0	1.0	3.0	5.0	0.0	1.0	1.0	1.0	0.0	0.0	0.0	0.0	0.0	0.0	0.0	0.0	0.0	0.0	3.476894e-317	3.4787933e-317	3.4806925e-317	0.0
9500	0.0	0.0	1.0	2.0	1.0	6.0	2.0	10.0	8.0	15.0	14.0	13.0	23.0	20.0	18.0	23.0	15.0	9.0	15.0	8.0	9.0	2.0	1.0	3.0	0.0	0.0	2.0	1.0	0.0	2.0	0.0	0.0	1.0	0.0	0.0	0.0	0.0	5e-324	3.4769554e-317	3.4788546e-317	3.4807537e-317	5e-324
10000	0.0	0.0	2.0	0.0	2.0	6.0	3.0	3.0	5.0	13.0	21.0	17.0	26.0	14.0	14.0	16.0	15.0	15.0	19.0	11.0	16.0	3.0	4.0	5.0	1.0	2.0	1.0	0.0	2.0	1.0	2.0	0.0	0.0	1.0	1.0	1.0	0.0	5e-324	3.4770166e-317	3.478916e-317	3.480815e-317	5e-324
10500	0.0	4.0	3.0	0.0	1.0	10.0	5.0	6.0	4.0	5.0	24.0	27.0	25.0	20.0	6.0	15.0	10.0	8.0	14.0	6.0	13.0	2.0	9.0	4.0	3.0	4.0	1.0	4.0	1.0	2.0	3.0	0.0	0.0	1.0	0.0	0.0	0.0	7.4e-323	3.477078e-317	3.478977e-317	3.4808763e-317	6e-322
11000	1.0	3.0	6.0	0.0	9.0	23.0	19.0	22.0	9.0	6.0	30.0	37.0	33.0	21.0	15.0	10.0	5.0	17.0	30.0	14.0	14.0	3.0	7.0	11.0	3.0	7.0	7.0	3.0	3.0	0.0	2.0	1.0	0.0	0.0	0.0	0.0	0.0	3.467827e-317	3.477139e-317	3.4790383e-317	3.4809375e-317	8e-323
11500	3.0	1.0	3.0	0.0	7.0	14.0	8.0	13.0	4.0	5.0	12.0	17.0	8.0	16.0	9.0	4.0	1.0	22.0	18.0	7.0	10.0	4.0	6.0	7.0	0.0	2.0	2.0	3.0	0.0	0.0	0.0	0.0	0.0	1.0	0.0	0.0	0.0	3.4678883e-317	3.4772004e-317	3.4790996e-317	3.480999e-317	5e-324
12000	1.0	0.0	1.0	0.0	2.0	5.0	1.0	4.0	1.0	0.0	3.0	3.0	2.0	1.0	2.0	0.0	2.0	3.0	3.0	1.0	5.0	0.0	3.0	0.0	0.0	0.0	0.0	0.0	0.0	0.0	0.0	0.0	1.0	0.0	0.0	0.0	0.0	3.4679495e-317	3.4772617e-317	3.479161e-317	3.48106e-317	5e-324
12500	0.0	0.0	0.0	0.0	0.0	0.0	0.0	0.0	0.0	0.0	1.0	1.0	0.0	0.0	0.0	1.0	0.0	0.0	0.0	0.0	0.0	0.0	1.0	0.0	0.0	0.0	0.0	0.0	0.0	0.0	0.0	0.0	1.0	1.0	0.0	0.0	0.0	3.468011e-317	3.477323e-317	3.479222e-317	3.4811213e-317	7.4e-323
13000	0.0	0.0	0.0	0.0	0.0	0.0	0.0	0.0	0.0	0.0	0.0	0.0	0.0	0.0	0.0	0.0	0.0	1.0	0.0	0.0	0.0	0.0	1.0	0.0	0.0	1.0	0.0	0.0	0.0	0.0	0.0	0.0	0.0	0.0	0.0	0.0	0.0	3.468072e-317	3.477384e-317	3.4792834e-317	3.4811826e-317	3.483082e-317
13500	0.0	0.0	0.0	0.0	0.0	0.0	0.0	0.0	0.0	0.0	0.0	0.0	0.0	0.0	0.0	0.0	0.0	0.0	0.0	0.0	0.0	0.0	1.0	0.0	0.0	0.0	0.0	0.0	0.0	0.0	0.0	0.0	0.0	0.0	0.0	0.0	0.0	3.4681333e-317	3.4774455e-317	3.4793447e-317	3.481244e-317	3.483143e-317
14000	0.0	0.0	0.0	0.0	0.0	0.0	0.0	0.0	0.0	0.0	0.0	0.0	0.0	0.0	0.0	0.0	0.0	0.0	0.0	0.0	0.0	0.0	0.0	0.0	0.0	0.0	0.0	0.0	0.0	0.0	0.0	0.0	0.0	0.0	0.0	0.0	0.0	3.4681946e-317	3.4775067e-317	3.479406e-317	3.481305e-317	3.4832043e-317
14500	0.0	0.0	0.0	0.0	0.0	0.0	0.0	1.0	0.0	0.0	0.0	0.0	0.0	0.0	0.0	0.0	0.0	0.0	0.0	0.0	0.0	0.0	0.0	0.0	0.0	0.0	0.0	0.0	0.0	0.0	0.0	0.0	0.0	0.0	0.0	0.0	0.0	3.468256e-317	3.477568e-317	3.479467e-317	3.4813664e-317	3.4832656e-317
15000	0.0	0.0	0.0	0.0	0.0	0.0	0.0	0.0	0.0	0.0	0.0	0.0	0.0	0.0	0.0	0.0	0.0	0.0	0.0	0.0	0.0	0.0	0.0	0.0	0.0	0.0	0.0	0.0	0.0	0.0	0.0	0.0	0.0	0.0	0.0	0.0	0.0	3.468317e-317	3.4776293e-317	3.4795285e-317	3.4814276e-317	3.483327e-317
