time,label,altitude,bbox-0,bbox-1,bbox-2,bbox-3,bbox_area,area
2013-05-19 20:02:36,3,4000,34,17,57,28,253,104
2013-05-19 20:02:36,3,4500,34,16,57,28,276,124
2013-05-19 20:02:36,3,5000,32,16,57,28,300,106
2013-05-19 20:02:36,3,5500,32,15,57,28,325,100
2013-05-19 20:02:36,3,6000,32,15,57,27,300,97
2013-05-19 20:02:36,3,6500,32,16,56,26,240,78
2013-05-19 20:02:36,3,7000,32,16,56,26,240,64
2013-05-19 20:02:36,3,7500,33,19,54,25,126,9
2013-05-19 20:06:52,2,4000,44,21,70,36,390,132
2013-05-19 20:06:52,2,4500,43,20,70,37,459,162
2013-05-19 20:06:52,2,5000,43,19,70,37,486,148
2013-05-19 20:06:52,2,5500,43,20,70,37,459,122
2013-05-19 20:06:52,2,6000,43,20,70,36,432,101
2013-05-19 20:06:52,2,6500,43,21,68,31,250,62
2013-05-19 20:06:52,2,7000,43,22,64,31,189,35
2013-05-19 20:06:52,2,7500,58,27,64,32,30,22
2013-05-19 20:06:52,2,8000,58,28,64,32,24,13
2013-05-19 20:06:52,2,8500,61,28,64,33,15,11
2013-05-19 20:06:52,2,9000,61,29,64,32,9,8
2013-05-19 20:11:07,2,4000,38,26,78,41,600,239
2013-05-19 20:11:07,2,4500,38,25,78,41,640,253
2013-05-19 20:11:07,2,5000,38,25,78,41,640,223
2013-05-19 20:11:07,2,5500,38,25,78,38,520,170
2013-05-19 20:11:07,2,6000,38,25,78,38,520,126
2013-05-19 20:11:07,2,6500,38,26,78,37,440,80
2013-05-19 20:11:07,2,7000,38,26,54,37,176,45
2013-05-19 20:11:07,2,7500,39,28,51,36,96,4
2013-05-19 20:15:23,1,4000,68,36,85,45,153,77
2013-05-19 20:15:23,1,4500,68,36,85,45,153,75
2013-05-19 20:15:23,1,5000,69,37,79,43,60,27
2013-05-19 20:15:23,1,5500,70,39,76,42,18,6
2013-05-19 20:15:23,2,4000,33,29,67,41,408,157
2013-05-19 20:15:23,2,4500,33,29,67,42,442,175
2013-05-19 20:15:23,2,5000,33,28,67,42,476,197
2013-05-19 20:15:23,2,5500,33,28,67,41,442,173
2013-05-19 20:19:38,3,4000,40,36,85,52,720,228
2013-05-19 20:19:38,3,4500,40,33,85,52,855,242
2013-05-19 20:19:38,3,5000,40,32,85,51,855,225
2013-05-19 20:19:38,3,5500,40,31,85,51,900,191
2013-05-19 20:19:38,3,6000,40,31,85,50,855,155
2013-05-19 20:19:38,3,6500,40,31,83,49,774,109
2013-05-19 20:19:38,3,7000,49,32,72,46,322,31
2013-05-19 20:19:38,3,7500,58,41,60,44,6,4
2013-05-19 20:23:52,1,4000,42,35,84,53,756,270
2013-05-19 20:23:52,1,4500,42,35,84,53,756,294
2013-05-19 20:23:52,1,5000,44,38,84,53,600,244
2013-05-19 20:23:52,1,5500,44,38,83,55,663,183
2013-05-19 20:23:52,1,6000,44,40,82,55,570,132
2013-05-19 20:23:52,1,6500,44,40,82,56,608,61
2013-05-19 20:23:52,1,7000,58,41,65,56,105,35
2013-05-19 20:23:52,1,7500,58,51,65,55,28,18
2013-05-19 20:28:09,2,4000,50,40,82,60,640,224
2013-05-19 20:28:09,2,4500,48,40,82,60,680,262
2013-05-19 20:28:09,2,5000,48,41,83,61,700,231
2013-05-19 20:28:09,2,5500,48,42,83,61,665,195
2013-05-19 20:28:09,2,6000,48,42,83,60,630,133
2013-05-19 20:28:09,2,6500,49,43,83,60,578,93
2013-05-19 20:28:09,2,7000,49,43,83,59,544,74
2013-05-19 20:28:09,2,7500,51,43,65,59,224,33
2013-05-19 20:28:09,2,8000,51,44,56,47,15,8
2013-05-19 20:28:09,3,4000,31,39,38,49,70,37
2013-05-19 20:28:09,3,4500,31,40,38,49,63,35
2013-05-19 20:28:09,3,5000,31,43,36,49,30,24
2013-05-19 20:28:09,3,5500,32,44,36,47,12,6
2013-05-19 20:32:24,2,4000,52,48,96,65,748,243
2013-05-19 20:32:24,2,4500,52,48,96,67,836,292
2013-05-19 20:32:24,2,5000,52,48,93,67,779,267
2013-05-19 20:32:24,2,5500,52,48,82,67,570,197
2013-05-19 20:32:24,2,6000,52,48,82,67,570,140
2013-05-19 20:32:24,2,6500,57,49,82,67,450,95
2013-05-19 20:32:24,2,7000,58,50,70,66,192,53
2013-05-19 20:32:24,2,7500,59,50,67,54,32,8
2013-05-19 20:32:24,2,8000,65,51,67,53,4,3
2013-05-19 20:32:24,3,4000,42,48,50,56,64,40
2013-05-19 20:32:24,3,4500,42,48,50,56,64,41
2013-05-19 20:32:24,3,5000,42,48,49,55,49,30
2013-05-19 20:32:24,3,5500,44,49,48,55,24,9
2013-05-19 20:32:24,4,4000,30,41,39,51,90,45
2013-05-19 20:32:24,4,4500,29,41,44,51,150,85
2013-05-19 20:32:24,4,5000,29,41,44,51,150,92
2013-05-19 20:32:24,4,5500,29,41,44,50,135,66
2013-05-19 20:32:24,5,4000,15,34,23,39,40,26
2013-05-19 20:32:24,5,4500,15,34,26,42,88,50
2013-05-19 20:32:24,5,5000,15,35,26,43,88,57
2013-05-19 20:32:24,5,5500,15,35,26,43,88,59
2013-05-19 20:36:40,5,4000,51,52,75,69,408,177
2013-05-19 20:36:40,5,4500,51,52,75,70,432,173
2013-05-19 20:36:40,5,5000,53,53,73,70,340,140
2013-05-19 20:36:40,5,5500,54,54,71,71,289,107
2013-05-19 20:36:40,5,6000,54,55,71,71,272,85
2013-05-19 20:36:40,5,6500,54,56,71,71,255,63
2013-05-19 20:36:40,5,7000,54,58,71,71,221,13
2013-05-19 20:36:40,6,4000,36,46,54,57,198,88
2013-05-19 20:36:40,6,4500,36,46,55,57,209,96
2013-05-19 20:36:40,6,5000,36,47,55,58,209,86
2013-05-19 20:36:40,6,5500,37,47,55,58,198,69
2013-05-19 20:36:40,6,6000,37,48,55,58,180,53
2013-05-19 20:36:40,6,6500,37,48,55,56,144,43
2013-05-19 20:36:40,6,7000,37,48,55,52,72,33
2013-05-19 20:40:56,2,4000,44,51,81,77,962,331
2013-05-19 20:40:56,2,4500,44,52,81,77,925,300
2013-05-19 20:40:56,2,5000,44,52,77,77,825,221
2013-05-19 20:40:56,2,5500,44,53,76,77,768,150
2013-05-19 20:40:56,2,6000,44,53,76,77,768,116
2013-05-19 20:40:56,2,6500,44,56,76,77,672,80
2013-05-19 20:40:56,2,7000,46,57,76,76,570,30
2013-05-19 20:45:12,4,4000,38,56,79,83,1107,347
2013-05-19 20:45:12,4,4500,38,55,79,82,1107,328
2013-05-19 20:45:12,4,5000,39,55,79,82,1080,289
2013-05-19 20:45:12,4,5500,39,55,79,81,1040,265
2013-05-19 20:45:12,4,6000,39,55,78,81,1014,196
2013-05-19 20:45:12,4,6500,42,56,76,81,850,120
2013-05-19 20:45:12,4,7000,43,57,57,69,168,29
2013-05-19 20:45:12,5,4000,29,50,39,60,100,43
2013-05-19 20:45:12,5,4500,29,49,39,60,110,53
2013-05-19 20:45:12,5,5000,29,49,39,60,110,51
2013-05-19 20:45:12,5,5500,29,49,39,59,100,33
2013-05-19 20:45:12,5,6000,31,50,36,55,25,13
2013-05-19 20:45:12,5,6500,34,50,35,53,3,3
2013-05-19 20:45:12,5,7000,34,51,35,53,2,2
2013-05-19 20:49:28,3,4000,47,63,80,87,792,253
2013-05-19 20:49:28,3,4500,47,63,78,87,744,240
2013-05-19 20:49:28,3,5000,47,63,77,86,690,176
2013-05-19 20:49:28,3,5500,47,65,78,87,682,139
2013-05-19 20:49:28,3,6000,49,66,79,86,600,102
2013-05-19 20:49:28,3,6500,48,67,76,85,504,30
2013-05-19 20:49:28,3,7000,54,74,73,85,209,9
2013-05-19 20:49:28,3,7500,71,83,73,85,4,3
2013-05-19 20:49:28,4,4000,34,53,46,65,144,81
2013-05-19 20:49:28,4,4500,34,53,46,66,156,71
2013-05-19 20:49:28,4,5000,35,56,46,66,110,38
2013-05-19 20:49:28,4,5500,36,56,45,65,81,13
2013-05-19 20:49:28,4,6000,38,56,39,57,1,1
2013-05-19 20:53:47,2,4000,54,68,79,92,600,163
2013-05-19 20:53:47,2,4500,54,68,78,92,576,156
2013-05-19 20:53:47,2,5000,56,68,77,91,483,117
2013-05-19 20:53:47,2,5500,58,68,77,92,456,83
2013-05-19 20:53:47,2,6000,58,68,77,92,456,64
2013-05-19 20:53:47,2,6500,58,68,76,91,414,45
2013-05-19 20:53:47,2,7000,58,68,74,90,352,25
2013-05-19 20:53:47,2,7500,58,69,65,89,140,8
2013-05-19 20:53:47,3,4000,38,60,52,75,210,74
2013-05-19 20:53:47,3,4500,38,60,53,76,240,84
2013-05-19 20:53:47,3,5000,38,62,53,76,210,77
2013-05-19 20:53:47,3,5500,38,63,53,76,195,66
2013-05-19 20:53:47,3,6000,38,64,49,70,66,32
2013-05-19 20:53:47,3,6500,42,67,43,68,1,1
2013-05-19 20:58:03,2,4000,56,76,82,97,546,251
2013-05-19 20:58:03,2,4500,56,76,82,98,572,239
2013-05-19 20:58:03,2,5000,57,77,82,98,525,178
2013-05-19 20:58:03,2,5500,58,78,82,98,480,110
2013-05-19 20:58:03,2,6000,60,89,82,98,198,65
2013-05-19 20:58:03,2,6500,66,89,81,98,135,36
2013-05-19 20:58:03,2,7000,67,90,70,96,18,11
2013-05-19 20:58:03,3,4000,45,64,58,81,221,104
2013-05-19 20:58:03,3,4500,44,64,58,82,252,134
2013-05-19 20:58:03,3,5000,44,65,58,82,238,129
2013-05-19 20:58:03,3,5500,44,66,58,78,168,89
2013-05-19 20:58:03,3,6000,44,66,58,77,154,62
2013-05-19 20:58:03,3,6500,45,67,52,75,56,23
2013-05-19 20:58:03,3,7000,46,69,48,72,6,6
2013-05-19 21:02:19,5,4000,57,83,85,103,560,240
2013-05-19 21:02:19,5,4500,57,83,83,103,520,205
2013-05-19 21:02:19,5,5000,59,78,83,104,624,161
2013-05-19 21:02:19,5,5500,60,78,83,104,598,120
2013-05-19 21:02:19,5,6000,61,78,78,105,459,92
2013-05-19 21:02:19,5,6500,66,78,76,106,280,76
2013-05-19 21:02:19,5,7000,66,79,76,105,260,33
2013-05-19 21:02:19,5,7500,70,82,72,85,6,5
2013-05-19 21:02:19,5,8000,71,82,72,85,3,3
2013-05-19 21:02:19,6,4000,50,71,61,86,165,89
2013-05-19 21:02:19,6,4500,49,71,60,86,165,93
2013-05-19 21:02:19,6,5000,49,72,59,86,140,75
2013-05-19 21:02:19,6,5500,49,74,59,84,100,47
2013-05-19 21:02:19,6,6000,49,76,56,82,42,20
2013-05-19 21:02:19,6,6500,50,77,52,83,12,8
2013-05-19 21:02:19,6,7000,50,78,52,83,10,7
2013-05-19 21:02:19,6,7500,50,78,52,82,8,5
2013-05-19 21:06:34,3,4000,53,79,84,110,961,263
2013-05-19 21:06:34,3,4500,53,80,83,110,900,220
2013-05-19 21:06:34,3,5000,53,84,82,110,754,119
2013-05-19 21:06:34,3,5500,57,84,81,110,624,72
2013-05-19 21:06:34,3,6000,67,101,80,110,117,40
2013-05-19 21:06:34,3,6500,68,102,80,110,96,21
2013-05-19 21:06:34,3,7000,77,108,79,110,4,3
2013-05-19 21:10:48,4,4000,65,102,83,116,252,126
2013-05-19 21:10:48,4,4500,65,103,83,115,216,119
2013-05-19 21:10:48,4,5000,65,103,80,115,180,94
2013-05-19 21:10:48,4,5500,70,106,80,115,90,58
2013-05-19 21:10:48,4,6000,71,107,80,115,72,38
2013-05-19 21:10:48,4,6500,72,107,79,114,49,25
2013-05-19 21:10:48,5,4000,56,86,72,101,240,102
2013-05-19 21:10:48,5,4500,56,86,72,102,256,89
2013-05-19 21:10:48,5,5000,57,94,69,102,96,40
2013-05-19 21:10:48,5,5500,62,96,65,99,9,5
2013-05-19 21:15:03,3,4000,61,106,81,119,260,109
2013-05-19 21:15:03,3,4500,61,107,81,119,240,107
2013-05-19 21:15:03,3,5000,65,107,80,119,180,71
2013-05-19 21:15:03,3,5500,69,107,79,120,130,71
2013-05-19 21:15:03,3,6000,69,108,78,120,108,60
2013-05-19 21:15:03,3,6500,71,108,77,120,72,41
2013-05-19 21:15:03,3,7000,71,109,75,120,44,10
2013-05-19 21:15:03,3,7500,72,117,74,119,4,3
2013-05-19 21:15:03,4,4000,57,87,72,104,255,108
2013-05-19 21:15:03,4,4500,57,87,72,104,255,104
2013-05-19 21:15:03,4,5000,57,88,71,104,224,81
2013-05-19 21:15:03,4,5500,59,90,69,105,150,57
2013-05-19 21:15:03,4,6000,60,92,69,105,117,31
2013-05-19 21:15:03,4,6500,63,100,68,104,20,17
2013-05-19 21:19:20,3,4000,65,114,85,130,320,100
2013-05-19 21:19:20,3,4500,65,113,85,130,340,113
2013-05-19 21:19:20,3,5000,69,112,83,127,210,94
2013-05-19 21:19:20,3,5500,70,113,83,126,169,86
2013-05-19 21:19:20,3,6000,70,114,82,126,144,73
2013-05-19 21:19:20,3,6500,71,117,82,125,88,34
2013-05-19 21:19:20,3,7000,80,122,81,124,2,2
2013-05-19 21:19:20,4,4000,67,94,79,107,156,91
2013-05-19 21:19:20,4,4500,67,94,79,106,144,77
2013-05-19 21:19:20,4,5000,68,94,78,105,110,42
2013-05-19 21:19:20,4,5500,69,100,76,104,28,17
2013-05-19 21:23:39,1,4000,73,104,86,113,117,74
2013-05-19 21:23:39,1,4500,71,104,86,112,120,66
2013-05-19 21:23:39,1,5000,70,106,83,112,78,40
2013-05-19 21:23:39,1,5500,70,105,81,112,77,34
2013-05-19 21:23:39,1,6000,70,105,76,111,36,24
2013-05-19 21:23:39,1,6500,70,105,75,111,30,23
2013-05-19 21:23:39,1,7000,70,105,75,110,25,19
2013-05-19 21:23:39,1,7500,70,107,73,109,6,5
2013-05-19 21:23:39,2,4000,72,125,84,132,84,47
2013-05-19 21:23:39,2,4500,72,121,84,132,132,52
2013-05-19 21:23:39,2,5000,73,120,84,131,121,58
2013-05-19 21:23:39,2,5500,73,120,84,132,132,47
2013-05-19 21:23:39,2,6000,73,120,80,132,84,34
2013-05-19 21:23:39,2,6500,75,120,80,129,45,25
2013-05-19 21:23:39,2,7000,77,123,79,131,16,8
2013-05-19 21:23:39,2,7500,77,128,79,131,6,5
2013-05-19 21:27:57,3,4000,74,109,94,120,220,108
2013-05-19 21:27:57,3,4500,74,110,94,120,200,104
2013-05-19 21:27:57,3,5000,74,110,91,119,153,71
2013-05-19 21:27:57,3,5500,75,110,89,116,84,28
2013-05-19 21:27:57,3,6000,76,110,81,114,20,9
2013-05-19 21:27:57,4,4000,70,126,88,139,234,78
2013-05-19 21:27:57,4,4500,70,126,88,139,234,86
2013-05-19 21:27:57,4,5000,74,125,88,138,182,77
2013-05-19 21:27:57,4,5500,75,125,88,138,169,50
2013-05-19 21:27:57,4,6000,80,125,87,136,77,19
2013-05-19 21:32:13,6,4000,90,116,97,127,77,49
2013-05-19 21:32:13,6,4500,90,117,97,127,70,42
2013-05-19 21:32:13,6,5000,95,122,97,125,6,4
2013-05-19 21:32:13,7,4000,82,141,91,149,72,36
2013-05-19 21:32:13,7,4500,82,141,91,149,72,36
2013-05-19 21:32:13,7,5000,86,141,91,147,30,21
2013-05-19 21:36:29,1,4000,98,126,104,132,36,28
2013-05-19 21:36:29,1,4500,98,126,104,132,36,24
2013-05-19 21:36:29,1,5000,98,128,103,131,15,8
2013-05-19 21:36:29,2,4000,75,143,92,156,221,105
2013-05-19 21:36:29,2,4500,75,143,92,157,238,105
2013-05-19 21:36:29,2,5000,75,143,91,158,240,90
2013-05-19 21:36:29,3,4000,72,118,87,135,255,119
2013-05-19 21:36:29,3,4500,73,118,87,135,238,115
2013-05-19 21:36:29,3,5000,74,119,85,135,176,80
2013-05-19 21:40:44,3,4000,76,151,96,164,260,105
2013-05-19 21:40:44,3,4500,76,152,95,167,285,100
2013-05-19 21:40:44,3,5000,76,157,93,167,170,69
2013-05-19 21:40:44,3,5500,78,159,92,167,112,31
2013-05-19 21:40:44,3,6000,86,163,88,167,8,7
2013-05-19 21:40:44,4,4000,80,125,93,140,195,104
2013-05-19 21:40:44,4,4500,80,126,92,140,168,83
2013-05-19 21:40:44,4,5000,84,129,91,138,63,26
2013-05-19 21:40:44,5,4000,74,146,81,153,49,21
2013-05-19 21:40:44,5,4500,74,145,80,153,48,38
2013-05-19 21:40:44,5,5000,74,144,79,153,45,34
2013-05-19 21:45:00,2,4000,59,119,97,144,950,232
2013-05-19 21:45:00,2,4500,59,117,97,144,1026,234
2013-05-19 21:45:00,2,5000,61,116,95,142,884,160
2013-05-19 21:45:00,2,5500,66,115,94,142,756,115
2013-05-19 21:45:00,2,6000,66,115,93,141,702,85
2013-05-19 21:45:00,2,6500,66,116,91,140,600,55
2013-05-19 21:45:00,2,7000,69,117,78,130,117,14
2013-05-19 21:45:00,3,4000,77,155,91,169,196,89
2013-05-19 21:45:00,3,4500,77,156,91,169,182,99
2013-05-19 21:45:00,3,5000,77,157,91,169,168,83
2013-05-19 21:45:00,3,5500,79,159,91,168,108,26
2013-05-19 21:45:00,3,6000,90,159,91,164,5,5
2013-05-19 21:49:14,2,4000,91,167,102,176,99,64
2013-05-19 21:49:14,2,4500,91,167,102,175,88,52
2013-05-19 21:49:14,2,5000,91,167,101,173,60,22
2013-05-19 21:49:14,2,5500,91,167,96,172,25,15
2013-05-19 21:49:14,2,6000,92,166,95,171,15,9
2013-05-19 21:49:14,3,4000,93,142,100,151,63,32
2013-05-19 21:49:14,3,4500,94,142,100,151,54,25
2013-05-19 21:49:14,3,5000,95,147,99,150,12,8
2013-05-19 21:49:14,4,4000,66,122,98,144,704,247
2013-05-19 21:49:14,4,4500,66,122,98,144,704,247
2013-05-19 21:49:14,4,5000,66,121,98,144,736,186
2013-05-19 21:49:14,5,4000,83,169,91,176,56,30
2013-05-19 21:49:14,5,4500,83,169,90,176,49,24
2013-05-19 21:49:14,5,5000,83,170,87,176,24,18
2013-05-19 21:53:32,1,4000,84,133,105,147,294,123
2013-05-19 21:53:32,1,4500,84,132,103,147,285,115
2013-05-19 21:53:32,1,5000,86,133,102,145,192,71
2013-05-19 21:53:32,1,5500,89,137,98,145,72,33
2013-05-19 21:53:32,1,6000,91,138,96,142,20,9
2013-05-19 21:53:32,2,4000,81,165,104,184,437,177
2013-05-19 21:53:32,2,4500,81,165,104,185,460,187
2013-05-19 21:53:32,2,5000,84,167,102,186,342,142
2013-05-19 21:53:32,2,5500,85,168,100,187,285,97
2013-05-19 21:53:32,2,6000,86,169,99,187,234,59
2013-05-19 21:53:32,3,4000,89,127,96,133,42,31
2013-05-19 21:53:32,3,4500,89,127,96,133,42,29
2013-05-19 21:53:32,3,5000,89,128,96,132,28,17
2013-05-19 21:53:32,3,5500,93,128,96,132,12,7
2013-05-19 21:57:47,1,4000,87,170,107,190,400,182
2013-05-19 21:57:47,1,4500,87,170,107,191,420,184
2013-05-19 21:57:47,1,5000,88,171,105,192,357,148
2013-05-19 21:57:47,1,5500,89,172,104,192,300,105
2013-05-19 21:57:47,1,6000,92,173,104,193,240,74
2013-05-19 21:57:47,1,6500,93,176,104,192,176,38
2013-05-19 21:57:47,1,7000,96,180,103,191,77,10
2013-05-19 21:57:47,2,4000,86,136,95,142,54,38
2013-05-19 21:57:47,2,4500,86,136,95,142,54,36
2013-05-19 21:57:47,2,5000,89,137,92,140,9,6
2013-05-19 22:02:03,2,4000,91,178,106,196,270,134
2013-05-19 22:02:03,2,4500,91,178,106,196,270,125
2013-05-19 22:02:03,2,5000,92,179,106,197,252,93
2013-05-19 22:02:03,2,5500,93,182,106,198,208,68
2013-05-19 22:02:03,2,6000,93,181,106,198,221,53
2013-05-19 22:02:03,2,6500,93,182,106,197,195,30
2013-05-19 22:02:03,2,7000,94,183,97,186,9,6
2013-05-19 22:02:03,3,4000,92,138,101,148,90,50
2013-05-19 22:02:03,3,4500,92,138,101,147,81,51
2013-05-19 22:02:03,3,5000,93,138,101,146,64,36
2013-05-19 22:02:03,3,5500,94,138,101,142,28,22
2013-05-19 22:02:03,3,6000,96,139,99,141,6,5
2013-05-19 22:06:17,2,4000,94,192,109,204,180,100
2013-05-19 22:06:17,2,4500,94,192,111,204,204,104
2013-05-19 22:06:17,2,5000,100,192,111,205,143,92
2013-05-19 22:06:17,2,5500,101,193,111,205,120,81
2013-05-19 22:06:17,2,6000,101,193,111,205,120,48
2013-05-19 22:06:17,2,6500,103,196,111,204,64,15
2013-05-19 22:06:17,2,7000,103,200,106,204,12,8
2013-05-19 22:06:17,2,7500,104,201,105,203,2,2
2013-05-19 22:06:17,3,4000,94,184,105,193,99,46
2013-05-19 22:06:17,3,4500,94,185,105,193,88,43
2013-05-19 22:06:17,3,5000,96,185,101,193,40,19
2013-05-19 22:06:17,3,5500,98,186,100,190,8,7
2013-05-19 22:10:33,1,4000,103,199,117,209,140,65
2013-05-19 22:10:33,1,4500,103,199,117,209,140,64
2013-05-19 22:10:33,1,5000,103,201,116,210,117,47
2013-05-19 22:10:33,1,5500,103,202,116,210,104,44
2013-05-19 22:10:33,1,6000,103,203,116,210,91,35
2013-05-19 22:10:33,1,6500,104,204,116,210,72,17
2013-05-19 22:10:33,1,7000,110,206,111,207,1,1
2013-05-19 22:10:33,4,4000,101,191,106,198,35,29
2013-05-19 22:10:33,4,4500,101,192,106,198,30,24
2013-05-19 22:10:33,4,5000,102,194,105,198,12,8
2013-05-19 22:14:50,1,4000,102,162,119,177,255,133
2013-05-19 22:14:50,1,4500,102,162,119,177,255,128
2013-05-19 22:14:50,1,5000,102,163,119,176,221,94
2013-05-19 22:14:50,1,5500,109,166,119,174,80,38
2013-05-19 22:14:50,1,6000,111,168,119,174,48,22
2013-05-19 22:14:50,1,6500,111,169,118,173,28,13
2013-05-19 22:14:50,1,7000,115,171,117,174,6,5
2013-05-19 22:14:50,2,4000,100,209,118,216,126,87
2013-05-19 22:14:50,2,4500,100,209,118,216,126,77
2013-05-19 22:14:50,2,5000,103,210,118,216,90,47
2013-05-19 22:14:50,2,5500,107,211,118,216,55,32
2013-05-19 22:14:50,2,6000,108,213,113,216,15,6
2013-05-19 22:19:06,1,4000,109,167,128,185,342,151
2013-05-19 22:19:06,1,4500,109,167,130,186,399,166
2013-05-19 22:19:06,1,5000,109,167,130,186,399,124
2013-05-19 22:19:06,1,5500,109,169,130,185,336,69
2013-05-19 22:19:06,1,6000,109,170,130,184,294,49
2013-05-19 22:19:06,1,6500,112,171,130,184,234,35
2013-05-19 22:19:06,1,7000,118,174,130,183,108,22
2013-05-19 22:19:06,1,7500,124,174,128,178,16,12
2013-05-19 22:19:06,1,8000,124,175,125,177,2,2
2013-05-19 22:19:06,2,4000,104,210,124,223,260,139
2013-05-19 22:19:06,2,4500,104,210,124,224,280,128
2013-05-19 22:19:06,2,5000,110,212,118,224,96,39
2013-05-19 22:19:06,2,5500,113,218,118,224,30,23
2013-05-19 22:19:06,2,6000,114,219,118,223,16,15
2013-05-19 22:19:06,2,6500,114,219,118,223,16,10
2013-05-19 22:19:06,2,7000,115,220,117,222,4,3
2013-05-19 22:23:22,2,4000,117,173,135,184,198,98
2013-05-19 22:23:22,2,4500,117,173,134,184,187,89
2013-05-19 22:23:22,2,5000,118,175,133,183,120,57
2013-05-19 22:23:22,2,5500,122,176,132,183,70,25
2013-05-19 22:23:22,2,6000,124,178,127,180,6,3
2013-05-19 22:23:22,3,4000,105,213,129,228,360,127
2013-05-19 22:23:22,3,4500,105,210,129,229,456,145
2013-05-19 22:23:22,3,5000,106,209,128,229,440,118
2013-05-19 22:23:22,3,5500,108,209,127,229,380,98
2013-05-19 22:23:22,3,6000,108,210,126,228,324,69
2013-05-19 22:27:38,1,4000,126,179,138,188,108,73
2013-05-19 22:27:38,1,4500,126,179,138,188,108,65
2013-05-19 22:27:38,1,5000,127,180,136,187,63,26
2013-05-19 22:27:38,1,5500,129,181,136,187,42,9
2013-05-19 22:27:38,1,6000,130,182,136,187,30,6
2013-05-19 22:27:38,1,6500,130,183,131,184,1,1
2013-05-19 22:27:38,2,4000,113,222,134,234,252,137
2013-05-19 22:27:38,2,4500,114,223,134,235,240,126
2013-05-19 22:27:38,2,5000,116,225,134,235,180,95
2013-05-19 22:27:38,2,5500,118,226,134,235,144,69
2013-05-19 22:27:38,2,6000,118,227,134,234,112,40
2013-05-19 22:27:38,2,6500,117,229,132,234,75,19
2013-05-19 22:31:53,3,4000,135,186,141,193,42,29
2013-05-19 22:31:53,3,4500,135,186,141,193,42,29
2013-05-19 22:31:53,3,5000,136,186,140,193,28,16
2013-05-19 22:31:53,3,5500,136,187,140,192,20,8
2013-05-19 22:31:53,4,4000,116,228,141,241,325,145
2013-05-19 22:31:53,4,4500,116,229,141,241,300,143
2013-05-19 22:31:53,4,5000,118,230,140,240,220,109
2013-05-19 22:31:53,4,5500,119,231,140,239,168,72
2013-05-19 22:31:53,5,4000,116,205,128,214,108,58
2013-05-19 22:31:53,5,4500,116,203,128,214,132,51
2013-05-19 22:31:53,5,5000,118,201,125,210,63,33
2013-05-19 22:31:53,5,5500,118,202,125,210,56,33
2013-05-19 22:36:07,1,4000,125,233,145,241,160,64
2013-05-19 22:36:07,1,4500,125,233,145,241,160,62
2013-05-19 22:36:07,1,5000,125,236,144,241,95,43
2013-05-19 22:36:07,1,5500,125,236,144,241,95,24
2013-05-19 22:36:07,1,6000,135,239,138,241,6,5
2013-05-19 22:36:07,1,6500,135,239,136,241,2,2
